rh	gen	rept	N	P	K	Ca	Mg	S	Fe	Zn	Cu	Mn	B	A	gs	Ci	E	VpdL	CiCa	Ags	Ae	Aci
irr	BN34 	1	25.06	2.71	19.38	9.53	3.81	2.51	101	56	3	495	64	3.77877	0.05317	262.71922	1.40998	2.62494	0.663635202	71.07580322	2.680024933	0.014383301
nir	BN34 	1	23.31	2.06	13.13	14.68	5.56	2.79	55	52	3	887	33	2.54197	0.03179	250.14249	1.03948	3.23678	0.668018617	73.73541824	2.916669936	0.01057119
irr	BN34 	2	26.18	1.79	11.88	6.34	2.88	1.68	108	24	3	567	42	2.82063	0.03825	266.82248	0.96707	2.50015	0.668839651	71.2669572	2.766111394	0.012135441
nir	BN34 	2	25.06	2.23	15	10.13	5.38	2.3	81	48	3	595	35	1.51213	0.03867	321.27239	1.29978	3.33107	0.627365032	79.96704107	2.445416545	0.01016207
irr	BN34 	3	24.71	2.71	15	10.03	5.06	2.4	123	50	4	709	45	3.22997	0.04532	266.16037	1.16769	2.54918	0.806162067	39.10141937	1.16337706	0.004706699
nir	BN34 	3	27.65	1.95	15	12.28	5.25	2.62	112	32	4	537	29	1.4257	0.0327	310.51687	0.89639	2.7059	0.77766381	43.595013	1.590487073	0.004591379
irr	CCN51 	1	23.03	2.79	13.75	12.18	4.19	1.98	97	39	3	545	35	5.71242	0.02954	72.77016	0.72436	2.44246	0.183933631	193.3731893	7.886130376	0.078499452
nir	CCN51 	1	25.9	1.84	14.38	15.12	4.94	2.62	52	36	4	643	31	4.7118	0.02313	60.04556	0.77241	3.29958	0.318189145	160.0486169	7.218688538	0.047813585
irr	CCN51 	2	31.22	2.79	12.5	11.43	4.13	3.32	162	48	4	781	47	6.05299	0.03782	126.5957	0.83852	2.21244	0.348985058	153.014698	7.017169614	0.042545317
nir	CCN51 	2	25.62	2.29	13.13	14.53	6.06	3.08	83	50	4	363	41	5.24287	0.03904	171.91563	1.24431	3.15752	0.149731803	203.7000968	6.100173556	0.0784705
irr	CCN51 	3	29.19	3.23	15.63	10.68	3.69	2.62	133	40	3	519	33	5.89796	0.03855	138.62773	0.8405	2.17666	0.426221345	134.309929	4.213486629	0.030496767
nir	CCN51 	3	26.11	3.23	15.63	15.22	4.88	2.51	91	57	5	825	25	4.04711	0.03028	100.016	0.96044	3.04403	0.463852488	133.6430548	4.213753142	0.040464482
irr	CEPEC2002 	1	29.26	3.04	16.25	13.88	4.19	2.09	89	54	4	475	35	3.55811	0.05734	282.69372	1.44321	2.49398	0.712469362	62.05497763	2.465407073	0.012586435
nir	CEPEC2002 	1	25.2	2.42	13.75	13.08	4.06	2.62	62	52	3	453	33	3.05538	0.05677	295.46028	1.68407	2.95117	0.620831495	86.29031473	3.607717155	0.016759511
irr	CEPEC2002 	2	24.22	3.13	17.5	7.59	4.06	2.73	118	46	3	719	47	4.12123	0.04776	245.90387	1.14234	2.3693	0.718503619	60.20785622	2.467458505	0.013818414
nir	CEPEC2002 	2	28.91	2.23	18.75	10.43	4.5	2.96	64	51	4	294	33	2.28555	0.02887	256.75919	0.89342	3.06929	0.741394558	53.8162392	1.814281493	0.010341091
irr	CEPEC2002 	3	26.32	2.95	13.75	7.94	3.25	2.3	127	45	4	539	53	3.94442	0.06551	285.4468	1.59858	2.42159	0.642871294	79.17340051	2.558218894	0.008901541
nir	CEPEC2002 	3	26.46	2.29	14.38	20.92	4.75	2.73	75	50	3	278	31	1.13076	0.01826	285.40219	0.51699	2.79083	0.71519541	61.94024164	2.187176367	0.003961978
irr	CP176 	1	22.54	2.36	11.25	20.37	7.75	1.88	119	61	9	1058	33	3.14686	0.04738	278.84234	0.95779	2.02011	0.702197176	66.41659906	3.285528979	0.011285431
nir	CP176 	1	23.03	2.23	18.13	11.73	5.25	2.73	61	59	4	655	33	4.05892	0.04411	243.56229	1.3489	3.03623	0.586274246	91.32918048	3.929821181	0.017650858
irr	CP176 	2	25.55	2.56	17.5	7.64	4.69	2.73	131	40	3	487	38	4.09585	0.04485	232.04807	1.04225	2.31833	0.570628764	99.10507846	4.489151892	0.020961523
nir	CP176 	2	25.76	2.23	16.88	10.58	5.56	2.4	99	61	5	717	37	3.09303	0.02878	207.3259	0.90303	3.11068	0.611404953	92.01973762	3.009067226	0.016664796
irr	CP176 	3	24.46	2.95	18.75	12.83	5.19	2.79	119	49	5	375	55	4.75589	0.04799	226.88683	1.05942	2.2042	0.522387332	107.4749582	3.425163756	0.014918697
nir	CP176 	3	23.87	2.42	15	10.73	5.25	2.19	68	55	5	373	31	3.57597	0.03644	225.4441	1.12596	3.07345	0.566896143	98.12205275	3.175923634	0.015861911
irr	CP196 	1	26.74	3.04	15.63	10.03	4.5	2.09	94	60	5	859	33	4.07228	0.03412	199.68188	0.8951	2.592	0.491124426	119.3657421	4.549540984	0.020393833
nir	CP196 	1	25.76	2.14	15.63	11.78	5.94	2.96	56	45	4	639	35	5.9273	0.07178	255.94142	1.91564	2.66173	0.554581872	97.88182484	3.883587663	0.02064629
irr	CP196 	2	19.11	2.71	16.25	6.24	4.19	2.4	110	51	6	595	41	4.58772	0.04687	222.20537	1.18131	2.51618	0.618039319	85.58902831	3.477397524	0.020852278
nir	CP196 	2	26.11	1.87	16.88	8.39	4.94	2.4	61	47	5	637	33	3.4406	0.04158	244.7955	1.32163	3.15329	0.633921071	82.58139475	3.094167227	0.023158801
irr	CP196 	3	20.02	2	10.63	13.43	5.69	2.09	140	90	6	819	42	5.10315	0.05962	244.72886	1.46752	2.44036	0.617516425	82.74155294	2.603307061	0.014054982
nir	CP196 	3	27.44	2.63	14.38	13.63	5.25	2.73	89	48	6	705	30	3.40279	0.02297	204	0.6979	2.9633	0.638874912	148.1717601	4.875794311	0.016686545
irr	CP197 	1	22.61	3.44	15	16.37	5	1.88	111	57	4	1278	26	2.95482	0.04457	276.97588	0.99499	2.22866	0.698013933	66.30331052	2.969708833	0.01066814
nir	CP197 	1	23.31	2.95	15	15.32	4.63	2.19	108	55	4	853	33	3.75459	0.0204	79.74066	0.63921	3.1036	0.669189488	81.13743805	3.917847762	0.013761442
irr	CP197 	2	24.43	3.13	16.25	11.23	4	1.98	116	52	4	1218	45	3.67136	0.04525	266.78599	0.93709	2.07346	0.591211233	93.98508948	3.843410758	0.01480688
nir	CP197 	2	26.04	1.95	13.75	9.03	6.38	3.2	122	49	4	623	33	1.98398	0.01705	192.40139	0.50287	2.92347	0.200739245	184.0568015	5.873835408	0.047085054
irr	CP197 	3	26.74	3.13	15.63	12.88	4.56	2.62	120	52	6	979	52	3.48682	0.0371	235.48662	0.90722	2.43601	0.482919495	116.3490001	3.945290574	0.010311663
nir	CP197 	3	25.97	3.23	16.25	14.33	4.94	2.4	81	49	5	965	33	2.86929	0.01873	136.07102	0.57104	3.01354	0.34182937	153.228551	5.024671464	0.021086677
irr	CP223 	1	27.72	2.63	13.75	13.48	4.25	2.09	109	47	4	915	41	2.30963	0.05254	313.29481	1.15429	2.1951	0.78541947	43.96007467	2.000911246	0.007372072
nir	CP223 	1	23.8	2.23	15	15.07	4.88	2.51	73	52	4	777	30	1.80667	0.0328	268.15962	1.08081	3.28546	0.767530036	53.09600522	2.501045613	0.009441909
irr	CP223 	2	29.12	2.71	15	10.33	5	2.73	133	53	5	883	64	2.88286	0.0543	305.32563	1.15266	2.16074	0.832926399	32.98331097	1.418649182	0.00372791
nir	CP223 	2	27.65	1.7	15.63	11.73	6.13	2.73	115	66	4	583	41	2.85713	0.02419	187.39017	0.82442	3.3705	0.671428414	55.07495397	1.67158512	0.006737279
irr	CP223 	3	25.83	2.29	13.75	19.57	4.88	2.3	185	46	7	721	66	1.23733	0.03751	331.91088	0.87219	2.31746	0.467738252	118.1349982	3.465633514	0.015246936
nir	CP223 	3	28.84	2.42	16.25	11.53	6	2.3	75	62	7	290	33	3.11435	0.06947	310.36982	1.72289	2.46036	0.7801467	44.83232415	1.807637492	0.010034326
irr	CP234 	1	31.78	2.79	13.75	12.33	6	2.73	104	42	3	571	53	5.81662	0.12798	289.5147	3.06183	2.42211	0.733699236	45.45021601	1.89971987	0.020090928
nir	CP234 	1	22.89	2.23	16.25	14.18	5.13	2.51	60	47	3	661	37	3.06838	0.02832	213.0897	1.00019	3.48994	0.702554739	63.23909453	2.370102249	0.012809668
irr	CP234 	2	27.09	2.63	13.75	7.64	4.5	2.19	151	51	4	621	37	3.574	0.05652	279.00825	1.50795	2.64289	0.786775882	43.46461303	1.878789883	0.016432223
nir	CP234 	2	25.83	1.52	13.13	10.83	5.94	2.51	98	46	4	415	35	2.42573	0.0222	186	0.72034	3.25875	0.533289006	108.3452488	3.067783739	0.014399462
irr	CP234 	3	26.32	2.87	16.25	13.43	5.56	2.62	143	53	4	1218	40	5.08718	0.11704	309.58573	2.70769	2.30778	0.550817505	109.2803514	3.367415084	0.013033472
nir	CP234 	3	26.39	1.95	13.75	12.83	4	2.51	64	37	4	559	33	2.57599	0.01848	158.03204	0.55232	2.94269	0.39663955	139.4179907	4.663953247	0.016300437
irr	CP236 	1	26.04	2.79	13.13	15.67	4.69	1.98	112	34	4	755	41	3.86137	0.06329	283.13215	1.72184	2.6937	0.712505023	61.00987187	2.242583501	0.013638048
nir	CP236 	1	23.38	2.17	10.63	15.47	4.69	2.4	59	30	3	597	35	4.18424	0.03213	184.6632	1.01906	3.14464	0.636296984	78.83491432	2.716935551	0.010021457
irr	CP236 	2	27.02	2.11	12.5	11.68	4.69	2.4	155	30	4	1118	37	2.53646	0.03217	253.1033	0.93358	2.8624	0.847606326	14.6700467	0.574816368	0.006345062
nir	CP236 	2	23.1	2.42	21.88	10.48	5.19	3.32	58	73	5	310	42	4.87676	0.04866	219.34455	1.46465	2.99179	0.463161741	130.2358274	4.105970376	0.022658771
irr	CP236 	3	21.7	2.11	15.63	8.29	3.44	2.19	126	26	4	543	47	2.12071	0.14456	334.22977	3.68937	2.58055	0.549920679	100.2308554	3.329634161	0.022233327
nir	CP236 	3	24.99	2.29	13.13	13.58	5.19	2.73	70	52	4	338	30	3.71749	0.03654	195	1	2.96404	0.595690083	101.7351912	3.3725115	0.019016502
nir	CP41 	2	22.26	2	13.13	8.94	4.38	2.79	106	45	4	12	38	4.73295	0.05791	231.28164	1.32036	2.31013	0.583077186	81.73543779	3.584598471	0.020464
irr	CP41 	1	22.61	2.63	17.5	10.08	4	2.4	107	46	4	887	57	2.78548	0.01578	96.91003	0.55545	3.47261	0.704740743	64.93062199	2.997828417	0.021801844
nir	CP41 	1	24.15	2.11	16.25	13.83	4.5	2.4	64	42	4	853	31	6.0737	0.09354	278.58672	2.02603	2.16008	0.619020471	84.77486524	3.493371652	0.019111253
irr	CP41 	2	25.83	2.87	13.75	6.09	3.06	2.73	214	49	4	1558	42	2.18309	0.01431	139.06707	0.42813	2.95826	0.246208744	176.5339991	5.014846863	0.02874292
irr	CP41 	3	25.34	2.87	16.25	9.83	4.94	2.79	149	51	5	921	50	4.69697	0.05541	245.76963	1.34454	2.40898	0.350928985	152.5264504	5.099163239	0.01569811
nir	CP41 	3	27.3	2.36	16.88	18.17	5.5	3.2	97	44	5	581	33	1.61315	0.04604	323.94063	1.28156	2.75108	0.816076275	35.03427355	1.258743911	0.004979771
irr	CP43 	1	23.87	2.23	15	11.68	4.38	2.62	83	51	3	703	53	5.90153	0.05782	217.05401	1.44169	2.48715	0.548508898	102.0751793	4.093473337	0.027189227
nir	CP43 	1	24.29	2.42	18.13	12.18	4.81	2.73	68	47	3	629	33	3.31199	0.05096	270.75204	1.70616	3.31721	0.436588168	131.1351698	5.013122108	0.028769748
irr	CP43 	2	22.12	2.23	11.25	9.18	4.63	2.79	178	41	3	621	49	4.98409	0.03801	173.24057	0.99421	2.60265	0.577603142	95.73029535	3.856341755	0.02598596
nir	CP43 	2	26.53	2.11	13.13	10.83	5.19	3.56	77	64	3	887	30	3.00103	0.02952	213.43113	0.9558	3.2027	0.686667483	64.99553906	1.941195731	0.012232566
irr	CP43 	3	26.46	3.44	10.63	14.53	5.5	3.08	161	79	5	957	42	5.96367	0.0623	229.49577	1.54646	2.47757	0.536072677	101.6528256	3.139798792	0.014060896
nir	CP43 	3	24.78	2.29	11.88	15.12	5.56	2.62	78	56	5	865	35	1.70023	0.01222	156.51128	0.34024	2.74315	0.392329975	139.0792164	4.997083716	0.01086329
irr	CP49 	1	23.94	3.33	16.88	15.72	6.13	2.19	105	43	6	713	53	5.99223	0.06388	230.72243	1.4024	2.19619	0.585341462	93.80999498	4.272837666	0.025971606
nir	CP49 	1	25.62	2.42	13.75	14.38	5.25	2.4	65	36	4	531	33	2.65615	0.02407	203.5328	0.81174	3.33322	0.765086987	48.55683838	2.175616417	0.012587091
irr	CP49 	2	27.44	3.04	18.13	9.43	3.94	2.62	142	48	5	771	33	3.82037	0.07868	303.51518	1.756	2.23743	0.712454806	62.55999883	2.809894646	0.016933234
nir	CP49 	2	25.83	2.71	15	12.33	5.5	2.73	89	45	4	371	37	3.0465	0.03977	258.21681	1.27978	3.1869	0.510684555	110.3555067	3.272184946	0.013050233
irr	CP49 	3	27.86	2.63	13.75	11.68	3.88	2.51	154	32	4	439	42	4.80393	0.07679	283.69856	1.70965	2.2299	0.649586798	76.60999576	2.380491252	0.011798212
nir	CP49 	3	25.55	2.36	16.88	16.37	4.75	2.96	75	45	4	487	22	2.84153	0.02075	144.17501	0.56796	2.69771	0.362464568	136.9437247	5.003032902	0.01970892
irr	ESFIP02 	1	28.14	2.71	13.13	13.88	4.44	2.3	104	29	4	809	42	3.99891	0.07797	269.4361	1.71654	2.30108	0.67660673	51.28962463	2.329639504	0.014841778
nir	ESFIP02 	1	25.41	2.29	14.38	15.82	4.94	2.19	59	43	4	747	33	4.43501	0.03569	167.52279	1.04823	2.91749	0.666063173	67.86495694	2.837664043	0.016688141
irr	ESFIP02 	2	26.95	2.06	11.88	8.59	3.69	1.78	163	47	4	745	42	4.41472	0.06505	264.54259	1.55576	2.39258	0.439422526	130.0843683	5.177680707	0.03514871
nir	ESFIP02 	2	29.89	2.11	14.38	11.43	5.75	2.79	118	49	3	713	41	3.92438	0.03005	170.09201	0.94817	3.12867	0.423396289	124.2639133	4.230948637	0.026474074
irr	ESFIP02 	3	25.97	2.79	13.75	15.02	4.75	2.62	144	46	5	719	50	6.15553	0.04732	175.12816	1.18886	2.50471	0.428985466	130.61496	4.138905778	0.023072088
nir	ESFIP02 	3	25.2	2.42	16.88	11.48	4.75	2.79	65	40	4	403	29	3.53773	0.03072	171	0.92164	2.96377	0.525098089	115.1585513	3.838482661	0.020668542
irr	ESFIP04 	1	28.98	2.79	11.25	17.37	5.44	2.62	132	34	4	959	35	4.76273	0.04767	220.09688	1.25749	2.62545	0.556591203	99.91579714	3.787497367	0.021639251
nir	ESFIP04 	1	26.32	2.17	14.38	15.47	6.13	2.96	54	57	5	601	33	2.50142	0.02756	239.85363	0.88507	3.18243	0.572172287	97.27439507	3.842487896	0.020429629
irr	ESFIP04 	2	30.94	2.36	11.88	10.73	4.25	2.79	145	43	5	1298	49	4.63637	0.04766	226.94324	1.20661	2.52123	0.601109803	86.96548456	3.494690376	0.024120795
nir	ESFIP04 	2	27.16	1.95	15	9.43	5.69	2.96	103	54	6	443	42	3.16545	0.0398	254.42287	1.28455	3.20181	0.598805832	90.74673874	2.826239733	0.010428923
irr	ESFIP04 	3	25.48	2.63	13.13	12.88	3.63	2.79	110	51	5	965	52	5.72395	0.06582	237.30361	1.6379	2.48295	0.635754496	79.54223208	2.464255541	0.012441686
nir	ESFIP04 	3	26.32	2.23	13.75	17.52	6.56	3.2	82	56	6	567	31	1.75715	0.04074	308.77754	1.18689	2.87592	0.777258052	43.13463127	1.480458791	0.005690656
irr	PH16 	1	26.39	2.63	18.75	10.43	3.94	2.79	96	57	6	669	47	7.09055	0.12087	287.88332	2.69007	2.23628	0.728461345	58.66386494	2.635828234	0.024629942
nir	PH16 	1	26.18	2.06	16.88	12.63	5.44	2.73	67	45	6	721	37	2.38082	0.05441	310.76194	1.71537	3.12991	0.711123445	60.9179055	2.613036875	0.014546569
irr	PH16 	2	29.89	2.42	15.63	12.93	5	2.96	168	42	5	855	45	4.10973	0.06746	282.52234	1.57278	2.42031	0.672441383	69.07937907	2.890325715	0.013131265
nir	PH16 	2	28.49	1.2	15.63	8.44	3.65	2.96	116	45	6	485	45	2.35572	0.04105	288.09132	1.13847	2.7412	0.774134264	43.76036745	1.387931062	0.007661222
irr	PH16 	3	25.55	2.06	13.13	11.28	4.69	2.62	133	61	6	811	52	3.51927	0.05095	268.00692	1.2176	2.38794	0.72292177	57.38069327	2.069203502	0.008176977
nir	PH16 	3	27.02	1.95	16.88	15.82	5.38	3.44	73	52	6	495	31	2.35572	0.04105	288.09132	1.13847	2.7412	0.72292177	57.38069327	2.069203502	0.008176977
irr	PS1319 	1	28.35	2.63	13.13	12.63	3.31	1.98	122	35	6	1418	40	4.86829	0.08542	291.59876	1.81716	2.13322	0.734748857	56.98912179	2.679071406	0.016695179
nir	PS1319 	1	24.99	2.71	13.13	16.57	5	2.4	99	53	4	1438	57	3.61408	0.02964	190.7803	0.88259	2.95432	0.679664802	71.24232834	3.260847444	0.013121267
irr	PS1319 	2	24.01	2.63	14.38	11.13	3.31	2.3	130	43	5	613	33	3.53016	0.04955	269.04092	1.08259	2.18074	0.690116594	66.4613389	3.044028657	0.016621937
nir	PS1319 	2	30.31	2.36	18.75	9.53	4.94	2.96	83	50	3	383	35	3.77402	0.02319	133.96985	0.71167	3.04189	0.478899098	121.9158162	4.094862944	0.018943694
irr	PS1319 	3	27.23	2.79	17.5	6.89	3.75	2.79	92	41	4	631	38	4.56884	0.06874	274.86822	1.50092	2.18635	0.334471312	162.7290354	5.303063817	0.028170667
nir	PS1319 	3	25.41	2.87	18.13	15.12	4	2.3	81	39	4	615	59	2.05149	0.03209	279.54024	0.84949	2.61488	0.700440344	63.92851841	2.414956216	0.007338793
irr	SJ02 	1	26.39	2.36	15	16.27	5.25	2.73	116	36	4	905	44	3.72017	0.11597	332.07986	2.57439	2.2178	0.836592584	32.07806298	1.445067024	0.011202634
nir	SJ02 	1	26.18	2.49	17.5	12.43	4.75	2.62	59	37	3	415	35	2.23686	0.02119	202.33103	0.71519	3.33771	0.726758484	54.82186701	2.437713501	0.019053807
irr	SJ02 	2	24.64	3.04	12.5	9.73	4.88	2.73	157	46	4	705	40	5.48311	0.10002	287.7697	2.24928	2.24683	0.925543834	45.56756864	2.026211133	0.01240163
nir	SJ02 	2	23.87	2.23	17.5	11.33	4.63	2.19	92	34	2	344	38	3.10301	0.0281	202.22577	0.94903	3.3402	0.59425954	105.5842394	3.12695616	0.011055645
irr	SJ02 	3	24.99	2.36	14.38	7.84	4	2.62	110	37	3	405	52	4.55752	0.10002	367.49385	2.24928	2.27522	0.511404624	110.4393629	3.269666205	0.015344266
nir	SJ02 	3	27.3	2.63	16.88	18.22	3.7	3.08	89	36	4	202	27	2.23686	0.02395	235.48164	0.80881	3.33771	0.59425954	93.38716645	2.765606765	0.009499083
irr	TSH1188 	1	28.14	2.36	15.63	13.88	2.95	1.98	139	32	5	671	31	5.55319	0.06822	66.90384	1.53382	2.61918	0.169643684	81.40157277	3.620501864	0.083002546
nir	TSH1188 	1	27.73	2.23	15.63	12.23	5.39	2.19	51	47	4	541	35	3.70408	0.03928	225.94654	1.20595	3.04701	0.850955206	27.02367221	1.17578242	0.010487427
irr	TSH1188 	2	26.25	1.79	8.75	5.94	2.94	1.98	162	32	3	639	52	3.52634	0.13049	336.24486	2.99915	2.30263	0.732990402	57.52355544	2.439577606	0.013463941
nir	TSH1188 	2	27.3	1.75	13.75	11.38	5.06	3.56	134	46	4	531	38	3.46476	0.05299	276.82613	1.65555	3.10248	0.569716137	94.3088885	3.071508594	0.016393628
irr	TSH1188 	3	25.13	2.71	12.5	11.53	5	2.3	164	48	5	623	52	3.90714	0.06792	290.19258	1.60156	2.34032	0.692871221	65.37964094	2.092815667	0.012516028
nir	TSH1188 	3	27.86	2.29	18.13	10.28	4.31	2.73	74	41	5	598	27	2.8765	0.03014	219.396	0.90914	3.01051	0.651675126	95.42224709	3.163995841	0.013110537
